"C" "D" "M" "T"
"1" 0.048 0.868 0.078 0.006
"2" 0.073 0.895 0.014 0.018
"3" 0.009 0.742 0.222 0.027
"4" 0.072 0.778 0.096 0.054
"5" 0.041 0.751 0.148 0.06
"6" 0.115 0.784 0.098 0.003
"7" 0.04 0.072 0.869 0.019
"8" 0.041 0.039 0.816 0.104
"9" 0.104 0.147 0.73 0.019
"10" 0.727 0.05 0.057 0.166
"11" 0.662 0.158 0.174 0.006
"12" 0.043 0.206 0.711 0.04
"13" 0.009 0.655 0.332 0.004
"14" 0.015 0.334 0.651 0
"15" 0.053 0.595 0.269 0.083
"16" 0.064 0.288 0.557 0.091
"17" 0.071 0.182 0.11 0.637
"18" 0.037 0.594 0.366 0.003
"19" 0.037 0.594 0.366 0.003
"20" 0.007 0.836 0.156 0.001
"21" 0.003 0.272 0.678 0.047
"22" 0.039 0.139 0.819 0.003
"23" 0.014 0.158 0.812 0.016
"24" 0.033 0.183 0.656 0.128
"25" 0.638 0.197 0.036 0.129
"26" 0.083 0.176 0.731 0.01
"27" 0.058 0.712 0.087 0.143
"28" 0.022 0.927 0.051 0
"29" 0.022 0.926 0.052 0
"30" 0.015 0.731 0.251 0.003
"31" 0.014 0.814 0.172 0
"32" 0.07 0.227 0.695 0.008
"33" 0.02 0.675 0.305 0
"34" 0.012 0.264 0.724 0
"35" 0.673 0.077 0.243 0.007
"36" 0.778 0.115 0.08 0.027
"37" 0.664 0.233 0.073 0.03
"38" 0.056 0.128 0.813 0.003
"39" 0.783 0.162 0.054 0.001
"40" 0.04 0.098 0.842 0.02
"41" 0.046 0.128 0.808 0.018
"42" 0.042 0.859 0.099 0
"43" 0.274 0.042 0.644 0.04
"44" 0.524 0.42 0.039 0.017
"45" 0.097 0.233 0.659 0.011
"46" 0.036 0.317 0.647 0
"47" 0.038 0.637 0.325 0
"48" 0.339 0.017 0.62 0.024
"49" 0.051 0.917 0.029 0.003
"50" 0.043 0.059 0.856 0.042
"51" 0.025 0.12 0.718 0.137
"52" 0.103 0.796 0.1 0.001
"53" 0.216 0.129 0.648 0.007
"54" 0.151 0.657 0.11 0.082
"55" 0.012 0.665 0.203 0.12
"56" 0.046 0.728 0.204 0.022
"57" 0.655 0.113 0.232 0
"58" 0.643 0.108 0.245 0.004
"59" 0.081 0.658 0.179 0.082
"60" 0.042 0.112 0.796 0.05
"61" 0.051 0.139 0.801 0.009
"62" 0.014 0.094 0.887 0.005
"63" 0.014 0.094 0.887 0.005
"64" 0.133 0.213 0.654 0
"65" 0.731 0.161 0.098 0.01
"66" 0.697 0.061 0.202 0.04
"67" 0.042 0.122 0.785 0.051
"68" 0.691 0.198 0.08 0.031
"69" 0.185 0.756 0.05 0.009
"70" 0.616 0.332 0.047 0.005
"71" 0.046 0.278 0.669 0.007
"72" 0.035 0.917 0.037 0.011
"73" 0.776 0.016 0.202 0.006
"74" 0.334 0.022 0.627 0.017
"75" 0.157 0.02 0.092 0.731
"76" 0.697 0.224 0.076 0.003
"77" 0.629 0.113 0.257 0.001
"78" 0.002 0.801 0.09 0.107
"79" 0.031 0.093 0.734 0.142
"80" 0.024 0.773 0.187 0.016
"81" 0.025 0.122 0.8 0.053
"82" 0.029 0.788 0.161 0.022
"83" 0.042 0.67 0.276 0.012
"84" 0.237 0.662 0.087 0.014
"85" 0.846 0.026 0.022 0.106
"86" 0.633 0.065 0.298 0.004
"87" 0.631 0.18 0.152 0.037
"88" 0.125 0.133 0.106 0.636
"89" 0 0.801 0.196 0.003
"90" 0.024 0.897 0.076 0.003
"91" 0.586 0.17 0.204 0.04
"92" 0.037 0.159 0.804 0
"93" 0.008 0.782 0.196 0.014
"94" 0.045 0.759 0.19 0.006
"95" 0.027 0.711 0.246 0.016
"96" 0.053 0.167 0.771 0.009
"97" 0.015 0.805 0.18 0
"98" 0.62 0.114 0.08 0.186
"99" 0.734 0.078 0.186 0.002
"100" 0.015 0.267 0.716 0.002
"101" 0.001 0.809 0.028 0.162
"102" 0.013 0.301 0.674 0.012
"103" 0.013 0.661 0.314 0.012
"104" 0.042 0.042 0.814 0.102
"105" 0.01 0.068 0.922 0
"106" 0.01 0.068 0.922 0
"107" 0.078 0.712 0.21 0
"108" 0.7 0.019 0.241 0.04
"109" 0.08 0.282 0.616 0.022
"110" 0.093 0.631 0.254 0.022
"111" 0.174 0.025 0.779 0.022
"112" 0.678 0.151 0.162 0.009
"113" 0.035 0.074 0.89 0.001
"114" 0.03 0.072 0.897 0.001
"115" 0.11 0.763 0.099 0.028
"116" 0.051 0.614 0.223 0.112
"117" 0.159 0.042 0.788 0.011
"118" 0.107 0.646 0.235 0.012
"119" 0.013 0.272 0.713 0.002
"120" 0.137 0.13 0.707 0.026
"121" 0.123 0.064 0.677 0.136
"122" 0.01 0.882 0.084 0.024
"123" 0.772 0.039 0.188 0.001
"124" 0.789 0.031 0.165 0.015
"125" 0.777 0.015 0.19 0.018
"126" 0.785 0.004 0.185 0.026
"127" 0.07 0.875 0.05 0.005
"128" 0.748 0.103 0.138 0.011
"129" 0.432 0 0.559 0.009
"130" 0.034 0.915 0.05 0.001
"131" 0.162 0.044 0.731 0.063
"132" 0.037 0.022 0.89 0.051
"133" 0.138 0.638 0.138 0.086
"134" 0.01 0.158 0.752 0.08
"135" 0.032 0.13 0.831 0.007
"136" 0.814 0.043 0.111 0.032
"137" 0.143 0.104 0.753 0
"138" 0.189 0.031 0.77 0.01
"139" 0.144 0.177 0.676 0.003
"140" 0.073 0.778 0.145 0.004
"141" 0.218 0.118 0.661 0.003
"142" 0.115 0.007 0.874 0.004
"143" 0.022 0.052 0.926 0
"144" 0.022 0.052 0.926 0
"145" 0.033 0.86 0.079 0.028
"146" 0.033 0.86 0.079 0.028
"147" 0.185 0.011 0.791 0.013
"148" 0.009 0.715 0.276 0
"149" 0.826 0.018 0.117 0.039
"150" 0.04 0.013 0.94 0.007
"151" 0.142 0.614 0.216 0.028
"152" 0.977 0.004 0.017 0.002
"153" 0.823 0.081 0.092 0.004
"154" 0.823 0.113 0.05 0.014
"155" 0.012 0.068 0.272 0.648
"156" 0.145 0.101 0.754 0
"157" 0.001 0.635 0.238 0.126
"158" 0.048 0.151 0.799 0.002
"159" 0.006 0.097 0.665 0.232
"160" 0.01 0.163 0.194 0.633
"161" 0.01 0.539 0.447 0.004
"162" 0.01 0.539 0.447 0.004
"163" 0.159 0.121 0.72 0
"164" 0.097 0.846 0.056 0.001
"165" 0.149 0.118 0.704 0.029
"166" 0.023 0.315 0.662 0
"167" 0.021 0.734 0.244 0.001
"168" 0.01 0.119 0.859 0.012
"169" 0.008 0.121 0.85 0.021
"170" 0.062 0.866 0.068 0.004
"171" 0.744 0.165 0.091 0
"172" 0.726 0.111 0.156 0.007
"173" 0.118 0.046 0.832 0.004
"174" 0.102 0.119 0.775 0.004
"175" 0.693 0.068 0.23 0.009
"176" 0.272 0.071 0.656 0.001
"177" 0.657 0.105 0.218 0.02
"178" 0.1 0.053 0.17 0.677
"179" 0.603 0.192 0.148 0.057
"180" 0.869 0 0.096 0.035
"181" 0.811 0 0.183 0.006
"182" 0.254 0 0.049 0.697
"183" 0.954 0 0.02 0.026
"184" 0.339 0 0.038 0.623
"185" 0.161 0.005 0.111 0.723
"186" 0.911 0 0.053 0.036
"187" 0.776 0.012 0.159 0.053
"188" 0.819 0.02 0.087 0.074
"189" 0.996 0 0.003 0.001
"190" 0.992 0 0.008 0
"191" 0.741 0.006 0.183 0.07
"192" 0.847 0.005 0.133 0.015
"193" 0.974 0 0.026 0
"194" 0.962 0 0.004 0.034
"195" 0.905 0 0.092 0.003
"196" 0.385 0 0.034 0.581
"197" 0.048 0.051 0.853 0.048
"198" 0.906 0 0.088 0.006
"199" 0.793 0.001 0.152 0.054
"200" 0.281 0.006 0.173 0.54
"201" 0.249 0 0.644 0.107
"202" 0.854 0 0.121 0.025
"203" 0.991 0 0.009 0
"204" 0.815 0.002 0.156 0.027
"205" 0.965 0 0.032 0.003
"206" 0.976 0 0.02 0.004
"207" 0.958 0 0.042 0
"208" 0.966 0 0.001 0.033
"209" 0.99 0 0.009 0.001
"210" 0.898 0 0.079 0.023
"211" 0.919 0 0.059 0.022
"212" 0.964 0 0.035 0.001
"213" 0.979 0.001 0.003 0.017
"214" 0.99 0 0.007 0.003
"215" 0.989 0 0.004 0.007
"216" 0.997 0 0.003 0
"217" 0.999 0 0.001 0
"218" 0.265 0 0.617 0.118
"219" 0.225 0.006 0.567 0.202
"220" 0.952 0 0.029 0.019
"221" 0.946 0 0.054 0
"222" 0.911 0 0.08 0.009
"223" 0.142 0.145 0.08 0.633
"224" 0.678 0.047 0.07 0.205
"225" 0.144 0.022 0.208 0.626
"226" 0.043 0.002 0.934 0.021
"227" 0.109 0.008 0.038 0.845
"228" 0.273 0 0.645 0.082
"229" 0.635 0 0.337 0.028
"230" 0.21 0.002 0.769 0.019
"231" 0.203 0.01 0.778 0.009
"232" 0.195 0.008 0.129 0.668
"233" 0.15 0.009 0.835 0.006
"234" 0.931 0 0.041 0.028
"235" 0.783 0.014 0.106 0.097
"236" 0.957 0 0.042 0.001
"237" 0.977 0 0.02 0.003
"238" 0.957 0 0.034 0.009
"239" 0.991 0 0.003 0.006
"240" 0.96 0 0.024 0.016
"241" 0.989 0 0.01 0.001
"242" 0.99 0 0.006 0.004
"243" 0.016 0.132 0.194 0.658
"244" 0.097 0.091 0.768 0.044
"245" 0.088 0.121 0.771 0.02
"246" 0.03 0.805 0.149 0.016
"247" 0.005 0.953 0.042 0
"248" 0.117 0.623 0.154 0.106
"249" 0.055 0.607 0.332 0.006
"250" 0.707 0.034 0.112 0.147
"251" 0.413 0 0.585 0.002
"252" 0.921 0 0.018 0.061
"253" 0.35 0.007 0.618 0.025
"254" 0.7 0.007 0.24 0.053
"255" 0.919 0 0.08 0.001
"256" 0.275 0 0.716 0.009
"257" 0.269 0.009 0.066 0.656
"258" 0.357 0 0.639 0.004
"259" 0.203 0 0.728 0.069
"260" 0.986 0 0.006 0.008
"261" 0.25 0.023 0.726 0.001
"262" 0.234 0 0.753 0.013
"263" 0.351 0 0.013 0.636
"264" 0.271 0 0.134 0.595
"265" 0.255 0 0.723 0.022
"266" 0.291 0 0.657 0.052
"267" 0.796 0 0.112 0.092
"268" 0.356 0.001 0.02 0.623
"269" 0.798 0 0.14 0.062
"270" 0.912 0 0.069 0.019
"271" 0.993 0 0.001 0.006
"272" 0.741 0 0.209 0.05
"273" 0.391 0 0.004 0.605
"274" 0.94 0 0.029 0.031
"275" 0.946 0 0 0.054
"276" 0.836 0 0.025 0.139
"277" 0.328 0 0.632 0.04
"278" 0.811 0 0.03 0.159
"279" 0.362 0 0.004 0.634
"280" 0.902 0 0.005 0.093
"281" 0.424 0 0.576 0
"282" 0.171 0.072 0.118 0.639
"283" 0.367 0 0.631 0.002
"284" 0.954 0 0.046 0
"285" 0.361 0 0.639 0
"286" 0.796 0 0.079 0.125
"287" 0.959 0 0.016 0.025
"288" 0.179 0.004 0.184 0.633
"289" 0.17 0.008 0.619 0.203
"290" 0.996 0 0.004 0
"291" 0.184 0 0.814 0.002
"292" 0.158 0 0.794 0.048
"293" 0.195 0 0.036 0.769
"294" 0.238 0 0.748 0.014
"295" 0.343 0.001 0.582 0.074
"296" 0.813 0.001 0.085 0.101
"297" 0.191 0.002 0.1 0.707
"298" 0.217 0 0.754 0.029
"299" 0.261 0.002 0.031 0.706
"300" 0.062 0.047 0.276 0.615
"301" 0.049 0.065 0.598 0.288
"302" 0.885 0 0.115 0
"303" 0.941 0 0.055 0.004
"304" 0.893 0 0.057 0.05
"305" 0.991 0 0.002 0.007
"306" 0.095 0 0.859 0.046
"307" 0.095 0 0.859 0.046
"308" 0.268 0 0.077 0.655
"309" 0.119 0 0.105 0.776
"310" 0.868 0 0.105 0.027
"311" 0.868 0 0.105 0.027
"312" 0.196 0 0.225 0.579
"313" 0.269 0.001 0.099 0.631
"314" 0.275 0 0.655 0.07
"315" 0.622 0.001 0.242 0.135
"316" 0.268 0 0.127 0.605
"317" 0.777 0.017 0.136 0.07
"318" 0.783 0.002 0.202 0.013
"319" 0.225 0 0.737 0.038
"320" 0.02 0.007 0.912 0.061
"321" 0.021 0.004 0.856 0.119
"322" 0.709 0.052 0.158 0.081
"323" 0.16 0.004 0.146 0.69
"324" 0.128 0.014 0.101 0.757
"325" 0.706 0.098 0.151 0.045
"326" 0.055 0.012 0.906 0.027
"327" 0.156 0.019 0.707 0.118
"328" 0.329 0.017 0.044 0.61
"329" 0.087 0.09 0.68 0.143
"330" 0.021 0.014 0.099 0.866
"331" 0.702 0.021 0.216 0.061
"332" 0.128 0.023 0.136 0.713
"333" 0.108 0.043 0.213 0.636
"334" 0.262 0 0.73 0.008
"335" 0.139 0 0.778 0.083
"336" 0.111 0.07 0.06 0.759
"337" 0.049 0.844 0.045 0.062
"338" 0.111 0.807 0.038 0.044
"339" 0.656 0.018 0.316 0.01
"340" 0.01 0.002 0.907 0.081
"341" 0.104 0.001 0.885 0.01
"342" 0.228 0.642 0.129 0.001
"343" 0.163 0.074 0.762 0.001
"344" 0.035 0.015 0.836 0.114
"345" 0.215 0.643 0.129 0.013
"346" 0.048 0.008 0.911 0.033
"347" 0.079 0.083 0.816 0.022
"348" 0.163 0.009 0.826 0.002
"349" 0.277 0.591 0.13 0.002
"350" 0.031 0.011 0.816 0.142
"351" 0.052 0.002 0.798 0.148
"352" 0.069 0.002 0.894 0.035
"353" 0.04 0.001 0.112 0.847
"354" 0.038 0.001 0.078 0.883
"355" 0.053 0.014 0.849 0.084
"356" 0.075 0.024 0.86 0.041
"357" 0.178 0.004 0.726 0.092
"358" 0.663 0.005 0.159 0.173
"359" 0.299 0.005 0.572 0.124
"360" 0.078 0.003 0.246 0.673
"361" 0.058 0.002 0.858 0.082
"362" 0.09 0.057 0.828 0.025
"363" 0.098 0.056 0.827 0.019
"364" 0.344 0.592 0.039 0.025
"365" 0.682 0.007 0.148 0.163
"366" 0.125 0.037 0.141 0.697
"367" 0.129 0.704 0.099 0.068
"368" 0.031 0.051 0.016 0.902
"369" 0.031 0.048 0.019 0.902
"370" 0.073 0.005 0.675 0.247
"371" 0.052 0.03 0.287 0.631
"372" 0.178 0 0.034 0.788
"373" 0.093 0.032 0.103 0.772
"374" 0.22 0 0.615 0.165
"375" 0.271 0.569 0.071 0.089
"376" 0.002 0.037 0.65 0.311
"377" 0.065 0.014 0.875 0.046
"378" 0.091 0.696 0.161 0.052
"379" 0.003 0.008 0.72 0.269
"380" 0.087 0.07 0.789 0.054
"381" 0.112 0.68 0.199 0.009
"382" 0.122 0.021 0.818 0.039
"383" 0.635 0.023 0.035 0.307
"384" 0.025 0.122 0.804 0.049
"385" 0.617 0.034 0.341 0.008
"386" 0.104 0.049 0.82 0.027
"387" 0.019 0.173 0.668 0.14
"388" 0.812 0.019 0.161 0.008
"389" 0.89 0.021 0.087 0.002
"390" 0.009 0.017 0.414 0.56
"391" 0.023 0.002 0.906 0.069
"392" 0.059 0.637 0.29 0.014
"393" 0.178 0.123 0.642 0.057
"394" 0.055 0.049 0.159 0.737
"395" 0.011 0.584 0.226 0.179
"396" 0.835 0.024 0.131 0.01
"397" 0.91 0.035 0.053 0.002
"398" 0.044 0.105 0.831 0.02
"399" 0.053 0.147 0.148 0.652
"400" 0.136 0.08 0.721 0.063
"401" 0.015 0.01 0.342 0.633
"402" 0.16 0.685 0.12 0.035
"403" 0.018 0.121 0.095 0.766
"404" 0.129 0.003 0.777 0.091
"405" 0.008 0.059 0.882 0.051
"406" 0.019 0.115 0.377 0.489
"407" 0.019 0.115 0.377 0.489
"408" 0.032 0.745 0.071 0.152
"409" 0.006 0 0.856 0.138
"410" 0.01 0.278 0.058 0.654
"411" 0.069 0.258 0.665 0.008
"412" 0.071 0.665 0.257 0.007
"413" 0.761 0.12 0.111 0.008
"414" 0.032 0.022 0.852 0.094
"415" 0.234 0.713 0.023 0.03
"416" 0.654 0.27 0.047 0.029
"417" 0.107 0.696 0.186 0.011
"418" 0.639 0.061 0.17 0.13
"419" 0.105 0.03 0.846 0.019
"420" 0.178 0.069 0.089 0.664
"421" 0.005 0.085 0.253 0.657
"422" 0.007 0.006 0.756 0.231
"423" 0.06 0.882 0.057 0.001
"424" 0.02 0.953 0.016 0.011
"425" 0.019 0.952 0.018 0.011
"426" 0.106 0.059 0.823 0.012
"427" 0.011 0.8 0.159 0.03
"428" 0.087 0.83 0.075 0.008
"429" 0.088 0.839 0.071 0.002
"430" 0.035 0.001 0.866 0.098
"431" 0.027 0.177 0.76 0.036
"432" 0.042 0.01 0.228 0.72
"433" 0.046 0.648 0.297 0.009
"434" 0.06 0.859 0.081 0
"435" 0.095 0.714 0.148 0.043
"436" 0.051 0.088 0.86 0.001
"437" 0.049 0.779 0.165 0.007
"438" 0.055 0.685 0.25 0.01
"439" 0.157 0.05 0.603 0.19
"440" 0.085 0.635 0.245 0.035
"441" 0.045 0.048 0.828 0.079
"442" 0.256 0.037 0.68 0.027
"443" 0.306 0.631 0.045 0.018
"444" 0.942 0 0.048 0.01
"445" 0.383 0 0.605 0.012
"446" 0.949 0 0.04 0.011
"447" 0.642 0 0.323 0.035
"448" 0.642 0 0.323 0.035
"449" 0.99 0 0.01 0
"450" 0.999 0 0 0.001
"451" 0.334 0 0.666 0
"452" 0.835 0 0.088 0.077
"453" 0.887 0 0.078 0.035
"454" 0.985 0 0.01 0.005
"455" 0.988 0 0.005 0.007
"456" 0.993 0 0.002 0.005
"457" 0.985 0 0.008 0.007
"458" 0.984 0 0.009 0.007
"459" 0.989 0 0.011 0
"460" 0.989 0 0.011 0
"461" 0.318 0 0.154 0.528
"462" 0.214 0 0.528 0.258
"463" 0.635 0 0.127 0.238
"464" 0.984 0 0.01 0.006
"465" 0.992 0 0.001 0.007
"466" 0.917 0 0.054 0.029
"467" 0.945 0 0.05 0.005
"468" 0.439 0 0.555 0.006
"469" 0.017 0.005 0.257 0.721
"470" 0.015 0.016 0.712 0.257
"471" 0.767 0.012 0.044 0.177
"472" 0.054 0.023 0.259 0.664
"473" 0.03 0.011 0.797 0.162
"474" 0.023 0.001 0.836 0.14
"475" 0.033 0.006 0.865 0.096
"476" 0.021 0.668 0.126 0.185
"477" 0.018 0 0.876 0.106
"478" 0.007 0.028 0.815 0.15
"479" 0.014 0.54 0.19 0.256
"480" 0.019 0.25 0.12 0.611
"481" 0.224 0.016 0.682 0.078
"482" 0.058 0.031 0.264 0.647
"483" 0.139 0.683 0.08 0.098
"484" 0.204 0.009 0.112 0.675
"485" 0.76 0.002 0.059 0.179
"486" 0.129 0 0.698 0.173
"487" 0.037 0.053 0.803 0.107
"488" 0.033 0.068 0.879 0.02
"489" 0.455 0.007 0.53 0.008
"490" 0.087 0.02 0.078 0.815
"491" 0.126 0.009 0.743 0.122
"492" 0.121 0.006 0.733 0.14
"493" 0.063 0.004 0.29 0.643
"494" 0.036 0.688 0.274 0.002
"495" 0.062 0.741 0.186 0.011
"496" 0.047 0.096 0.77 0.087
"497" 0.022 0.154 0.712 0.112
"498" 0.03 0.713 0.231 0.026
"499" 0.095 0.737 0.152 0.016
"500" 0.148 0.735 0.048 0.069
"501" 0.039 0.904 0.048 0.009
"502" 0.085 0.864 0.037 0.014
"503" 0.039 0.217 0.728 0.016
"504" 0.078 0.709 0.157 0.056
"505" 0.068 0.089 0.768 0.075
"506" 0.128 0.701 0.164 0.007
"507" 0.169 0.107 0.71 0.014
"508" 0.134 0.658 0.207 0.001
"509" 0.028 0.808 0.136 0.028
"510" 0.172 0.066 0.754 0.008
"511" 0.077 0.72 0.197 0.006
"512" 0.163 0.671 0.154 0.012
"513" 0.031 0.008 0.887 0.074
"514" 0.108 0.697 0.184 0.011
"515" 0.066 0.747 0.171 0.016
"516" 0.02 0.584 0.147 0.249
"517" 0.032 0.084 0.823 0.061
"518" 0.093 0.278 0.621 0.008
"519" 0.102 0.733 0.156 0.009
"520" 0.104 0.765 0.121 0.01
"521" 0.031 0.753 0.195 0.021
"522" 0.029 0.887 0.059 0.025
"523" 0.039 0.167 0.782 0.012
"524" 0.068 0.692 0.165 0.075
"525" 0.095 0.158 0.737 0.01
"526" 0.061 0.04 0.151 0.748
"527" 0.026 0.047 0.899 0.028
"528" 0.045 0.15 0.789 0.016
"529" 0.059 0.062 0.229 0.65
"530" 0.016 0.059 0.824 0.101
"531" 0.012 0.008 0.941 0.039
"532" 0.012 0.008 0.941 0.039
"533" 0.135 0.595 0.238 0.032
"534" 0.674 0.127 0.168 0.031
"535" 0.08 0.626 0.248 0.046
"536" 0.285 0.016 0.641 0.058
"537" 0.1 0.032 0.835 0.033
"538" 0.815 0.005 0.118 0.062
"539" 0.171 0.004 0.143 0.682
"540" 0.079 0.042 0.616 0.263
"541" 0.126 0.16 0.69 0.024
"542" 0.079 0.099 0.758 0.064
"543" 0.732 0.02 0.151 0.097
"544" 0.755 0.006 0.135 0.104
"545" 0.361 0.002 0.619 0.018
"546" 0.307 0.001 0.673 0.019
"547" 0.202 0.006 0.133 0.659
"548" 0.072 0.037 0.081 0.81
"549" 0.172 0.154 0.645 0.029
"550" 0.182 0.001 0.562 0.255
"551" 0.178 0.003 0.232 0.587
"552" 0.254 0.001 0.62 0.125
"553" 0.048 0.034 0.823 0.095
"554" 0.227 0.609 0.142 0.022
"555" 0.209 0.013 0.657 0.121
"556" 0.073 0.657 0.181 0.089
"557" 0.194 0.081 0.712 0.013
"558" 0.175 0.002 0.228 0.595
"559" 0.105 0.002 0.827 0.066
"560" 0.138 0.657 0.161 0.044
"561" 0.023 0.047 0.637 0.293
"562" 0.026 0.054 0.265 0.655
"563" 0.086 0.063 0.203 0.648
"564" 0.159 0.078 0.746 0.017
"565" 0.002 0.017 0.945 0.036
"566" 0.023 0.698 0.116 0.163
"567" 0.092 0.026 0.844 0.038
"568" 0.446 0.444 0.11 0
"569" 0.446 0.444 0.11 0
"570" 0.084 0.007 0.888 0.021
"571" 0.049 0.049 0.405 0.497
"572" 0.072 0.217 0.7 0.011
"573" 0.029 0.721 0.123 0.127
"574" 0.055 0.222 0.658 0.065
"575" 0.111 0.01 0.857 0.022
"576" 0.1 0.004 0.859 0.037
"577" 0.851 0.034 0.101 0.014
"578" 0.021 0.614 0.321 0.044
"579" 0.024 0.282 0.656 0.038
"580" 0.042 0.666 0.225 0.067
"581" 0.098 0.004 0.805 0.093
"582" 0.036 0.003 0.866 0.095
"583" 0.117 0 0.634 0.249
"584" 0.018 0.006 0.921 0.055
"585" 0.068 0.128 0.206 0.598
"586" 0.05 0.581 0.277 0.092
"587" 0.054 0.831 0.093 0.022
"588" 0.072 0.839 0.038 0.051
"589" 0.035 0.056 0.908 0.001
"590" 0.193 0.102 0.661 0.044
"591" 0.035 0.842 0.066 0.057
"592" 0.195 0.129 0.633 0.043
"593" 0.028 0.789 0.166 0.017
"594" 0.018 0.817 0.156 0.009
"595" 0 0.108 0.847 0.045
"596" 0.007 0.11 0.877 0.006
"597" 0.009 0 0.834 0.157
"598" 0.02 0.002 0.326 0.652
"599" 0.076 0.023 0.901 0
"600" 0.122 0.025 0.848 0.005
"601" 0.105 0.003 0.763 0.129
"602" 0.051 0.022 0.767 0.16
"603" 0.017 0.807 0.104 0.072
"604" 0.024 0.181 0.753 0.042
"605" 0.008 0.02 0.19 0.782
"606" 0.088 0.009 0.091 0.812
"607" 0.037 0.105 0.084 0.774
"608" 0.033 0.106 0.048 0.813
"609" 0.157 0.016 0.14 0.687
"610" 0.232 0.009 0.66 0.099
"611" 0.845 0.012 0.128 0.015
"612" 0.193 0.02 0.756 0.031
"613" 0.003 0.03 0.583 0.384
"614" 0.165 0.002 0.807 0.026
"615" 0.739 0.002 0.25 0.009
"616" 0.103 0.021 0.857 0.019
"617" 0.149 0.006 0.19 0.655
"618" 0.177 0.08 0.737 0.006
"619" 0.63 0.012 0.063 0.295
"620" 0.198 0.009 0.077 0.716
"621" 0.082 0.134 0.717 0.067
"622" 0.61 0 0.349 0.041
"623" 0.087 0.12 0.102 0.691
"624" 0.034 0.019 0.917 0.03
"625" 0.023 0.13 0.752 0.095
"626" 0.094 0.079 0.735 0.092
"627" 0.648 0.035 0.146 0.171
"628" 0.057 0.025 0.699 0.219
"629" 0.165 0.016 0.284 0.535
"630" 0.165 0.016 0.284 0.535
"631" 0.01 0.054 0.842 0.094
"632" 0.027 0.699 0.198 0.076
"633" 0.081 0.571 0.333 0.015
"634" 0.114 0.075 0.81 0.001
"635" 0.089 0.074 0.801 0.036
"636" 0.042 0.061 0.712 0.185
"637" 0.229 0.024 0.111 0.636
"638" 0.042 0.161 0.778 0.019
"639" 0.113 0.621 0.236 0.03
"640" 0.073 0.13 0.16 0.637
"641" 0.024 0.04 0.639 0.297
"642" 0.008 0.002 0.744 0.246
"643" 0.077 0.012 0.157 0.754
"644" 0.017 0.57 0.41 0.003
"645" 0.051 0.022 0.863 0.064
"646" 0.155 0.011 0.109 0.725
"647" 0.089 0.039 0.634 0.238
"648" 0.025 0.098 0.743 0.134
"649" 0.001 0.173 0.8 0.026
"650" 0.023 0.647 0.169 0.161
"651" 0.073 0.644 0.179 0.104
"652" 0.176 0.084 0.113 0.627
"653" 0.628 0.017 0.255 0.1
"654" 0.882 0.007 0.079 0.032
"655" 0.122 0.091 0.682 0.105
"656" 0.557 0.002 0.047 0.394
"657" 0.28 0.002 0.079 0.639
"658" 0.079 0.043 0.151 0.727
"659" 0.131 0.001 0.738 0.13
"660" 0.192 0.004 0.166 0.638
"661" 0.042 0.173 0.15 0.635
"662" 0.047 0.804 0.135 0.014
"663" 0.002 0.915 0.072 0.011
"664" 0.005 0.925 0.052 0.018
"665" 0.003 0.104 0.888 0.005
"666" 0.032 0.071 0.026 0.871
"667" 0.032 0.041 0.151 0.776
"668" 0.286 0 0.661 0.053
"669" 0.099 0.063 0.036 0.802
"670" 0.032 0.004 0.26 0.704
"671" 0.023 0.021 0.636 0.32
"672" 0.025 0.039 0.626 0.31
"673" 0.035 0.138 0.03 0.797
"674" 0.08 0.032 0.707 0.181
"675" 0.015 0.282 0.669 0.034
"676" 0.036 0.072 0.222 0.67
"677" 0.075 0.058 0.493 0.374
"678" 0.092 0.097 0.799 0.012
"679" 0.049 0.092 0.756 0.103
"680" 0.637 0.042 0.244 0.077
"681" 0.08 0.028 0.861 0.031
"682" 0.109 0.034 0.104 0.753
"683" 0.009 0.133 0.826 0.032
"684" 0.015 0.636 0.321 0.028
"685" 0.818 0.011 0.071 0.1
"686" 0.837 0.01 0.099 0.054
"687" 0.059 0.009 0.625 0.307
"688" 0.055 0.004 0.35 0.591
"689" 0.071 0.021 0.827 0.081
"690" 0.019 0.016 0.89 0.075
"691" 0.064 0.003 0.423 0.51
"692" 0.064 0.003 0.423 0.51
"693" 0.181 0 0.729 0.09
"694" 0.061 0.011 0.723 0.205
"695" 0.298 0 0.055 0.647
"696" 0.047 0 0.384 0.569
"697" 0.141 0 0.626 0.233
"698" 0.007 0.001 0.539 0.453
"699" 0.007 0.001 0.539 0.453
"700" 0.113 0.078 0.208 0.601
"701" 0.168 0.001 0.731 0.1
"702" 0.062 0 0.693 0.245
"703" 0.142 0.012 0.78 0.066
"704" 0.006 0.019 0.899 0.076
"705" 0.747 0.006 0.154 0.093
"706" 0.117 0.007 0.679 0.197
"707" 0.131 0.019 0.603 0.247
"708" 0.058 0.025 0.733 0.184
"709" 0.083 0.011 0.185 0.721
"710" 0.216 0.001 0.046 0.737
"711" 0.175 0.001 0.081 0.743
"712" 0.174 0.025 0.176 0.625
"713" 0.714 0 0.273 0.013
"714" 0.261 0 0.618 0.121
"715" 0.32 0.02 0.635 0.025
"716" 0.112 0.006 0.099 0.783
"717" 0.089 0.05 0.051 0.81
"718" 0.149 0.149 0.688 0.014
"719" 0.26 0.629 0.097 0.014
"720" 0.058 0.561 0.191 0.19
"721" 0.252 0.519 0.056 0.173
"722" 0.04 0.561 0.108 0.291
"723" 0.138 0.004 0.141 0.717
"724" 0.11 0.251 0.58 0.059
"725" 0.103 0.589 0.285 0.023
"726" 0.114 0 0.851 0.035
"727" 0.057 0.708 0.171 0.064
"728" 0.015 0.647 0.231 0.107
"729" 0.088 0.093 0.149 0.67
"730" 0.068 0.018 0.162 0.752
"731" 0.039 0 0.242 0.719
"732" 0.004 0 0.188 0.808
"733" 0.01 0 0.161 0.829
"734" 0.051 0.012 0.211 0.726
"735" 0.107 0 0.826 0.067
"736" 0.61 0.011 0.304 0.075
"737" 0.058 0 0.065 0.877
"738" 0.023 0 0.039 0.938
"739" 0.023 0 0.039 0.938
"740" 0.096 0.001 0.812 0.091
"741" 0.065 0.001 0.862 0.072
"742" 0.304 0 0.625 0.071
"743" 0.97 0 0.012 0.018
"744" 0.97 0 0.012 0.018
"745" 0.136 0.003 0.227 0.634
"746" 0.121 0.011 0.242 0.626
"747" 0.113 0.001 0.724 0.162
"748" 0.214 0 0.205 0.581
"749" 0.216 0.01 0.051 0.723
"750" 0.113 0.011 0.036 0.84
"751" 0.268 0 0.021 0.711
"752" 0.226 0 0.114 0.66
"753" 0.084 0 0.252 0.664
"754" 0.078 0 0.825 0.097
"755" 0.668 0.001 0.124 0.207
"756" 0.181 0 0.069 0.75
"757" 0.393 0 0.554 0.053
"758" 0.689 0 0.261 0.05
"759" 0.342 0 0.654 0.004
"760" 0.907 0 0.013 0.08
"761" 0.861 0 0.008 0.131
"762" 0.225 0 0.194 0.581
"763" 0.166 0 0.507 0.327
"764" 0.126 0 0.333 0.541
"765" 0.126 0 0.333 0.541
"766" 0.806 0 0.072 0.122
"767" 0.099 0 0.628 0.273
"768" 0.237 0 0.047 0.716
"769" 0.982 0 0.003 0.015
"770" 0.075 0 0.043 0.882
"771" 0.075 0 0.043 0.882
"772" 0.082 0 0.213 0.705
"773" 0.185 0 0.042 0.773
"774" 0.128 0 0.643 0.229
"775" 0.197 0 0.106 0.697
"776" 0.802 0 0.069 0.129
"777" 0.993 0 0.006 0.001
"778" 0.988 0 0.011 0.001
"779" 0.922 0 0.047 0.031
"780" 0.969 0 0.007 0.024
"781" 0.96 0 0 0.04
"782" 0.983 0 0 0.017
"783" 0.962 0 0.008 0.03
"784" 0.977 0 0.018 0.005
"785" 0.979 0 0.005 0.016
"786" 0.968 0 0.012 0.02
"787" 0.99 0 0.007 0.003
"788" 0.99 0 0.007 0.003
"789" 0.982 0.006 0.003 0.009
"790" 0.982 0.006 0.003 0.009
"791" 0.967 0.001 0.015 0.017
"792" 0.081 0.005 0.379 0.535
"793" 0.081 0.005 0.379 0.535
"794" 0.872 0.008 0.046 0.074
"795" 0.348 0.538 0.077 0.037
"796" 0.652 0.244 0.064 0.04
"797" 0.342 0.003 0.638 0.017
"798" 0.805 0.015 0.161 0.019
"799" 0.075 0.014 0.138 0.773
"800" 0.113 0.025 0.144 0.718
"801" 0.066 0.033 0.306 0.595
"802" 0.048 0.001 0.774 0.177
"803" 0.043 0.001 0.832 0.124
"804" 0.081 0 0.874 0.045
"805" 0.577 0.044 0.047 0.332
"806" 0.006 0 0.89 0.104
"807" 0.006 0 0.89 0.104
"808" 0.024 0.006 0.895 0.075
"809" 0.045 0.003 0.127 0.825
"810" 0.148 0.016 0.108 0.728
"811" 0.094 0.035 0.183 0.688
"812" 0.038 0.004 0.105 0.853
"813" 0.28 0 0.15 0.57
"814" 0.068 0.253 0.015 0.664
"815" 0.126 0.556 0.001 0.317
"816" 0.11 0.028 0.008 0.854
"817" 0.05 0.041 0.18 0.729
"818" 0.041 0.081 0.094 0.784
"819" 0.041 0.585 0.044 0.33
"820" 0.144 0.639 0.097 0.12
"821" 0.179 0.001 0.736 0.084
"822" 0.047 0.105 0.101 0.747
"823" 0.035 0.043 0.596 0.326
"824" 0.008 0.107 0.263 0.622
"825" 0.13 0.007 0.13 0.733
"826" 0.237 0.003 0.732 0.028
"827" 0.004 0.031 0.137 0.828
"828" 0.153 0 0.734 0.113
"829" 0.079 0.7 0.136 0.085
"830" 0.124 0.001 0.852 0.023
"831" 0.058 0.615 0.189 0.138
"832" 0.192 0 0.199 0.609
"833" 0.16 0.001 0.72 0.119
"834" 0.088 0.002 0.764 0.146
"835" 0.236 0 0.719 0.045
"836" 0.023 0.08 0.698 0.199
"837" 0.058 0.026 0.793 0.123
"838" 0.075 0 0.904 0.021
"839" 0.175 0.023 0.731 0.071
"840" 0.127 0 0.827 0.046
"841" 0.341 0 0.628 0.031
"842" 0.023 0.085 0.015 0.877
"843" 0.038 0.082 0.031 0.849
"844" 0.657 0.02 0.273 0.05
"845" 0.341 0.021 0.594 0.044
"846" 0.122 0.012 0.7 0.166
"847" 0.089 0.002 0.761 0.148
"848" 0.053 0.052 0.743 0.152
"849" 0.152 0.006 0.167 0.675
"850" 0.006 0.001 0.346 0.647
"851" 0.761 0 0.12 0.119
"852" 0.213 0.006 0.668 0.113
"853" 0.038 0.078 0.062 0.822
"854" 0.073 0.098 0.678 0.151
"855" 0.052 0.243 0.061 0.644
"856" 0.073 0.13 0.6 0.197
"857" 0.052 0.547 0.284 0.117
"858" 0.126 0.644 0.083 0.147
"859" 0.063 0.026 0.752 0.159
"860" 0.185 0 0.225 0.59
"861" 0.649 0.018 0.273 0.06
"862" 0.226 0.017 0.713 0.044
"863" 0.098 0.579 0.256 0.067
"864" 0.076 0.303 0.501 0.12
"865" 0.707 0.012 0.144 0.137
"866" 0.659 0.005 0.302 0.034
"867" 0.042 0.005 0.727 0.226
"868" 0.09 0.063 0.727 0.12
"869" 0.157 0.037 0.652 0.154
"870" 0.033 0 0.301 0.666
"871" 0.625 0.001 0.357 0.017
"872" 0.658 0.009 0.291 0.042
"873" 0.063 0 0.778 0.159
"874" 0.759 0.053 0.092 0.096
"875" 0.296 0.017 0.613 0.074
"876" 0.216 0.013 0.748 0.023
"877" 0.155 0.05 0.14 0.655
"878" 0.023 0 0.196 0.781
"879" 0.051 0.006 0.205 0.738
"880" 0.019 0.002 0.157 0.822
"881" 0.096 0.579 0.143 0.182
"882" 0.894 0.014 0.062 0.03
"883" 0.911 0.001 0.05 0.038
"884" 0.034 0.01 0.635 0.321
"885" 0.067 0 0.838 0.095
"886" 0.026 0.008 0.77 0.196
"887" 0.223 0.003 0.059 0.715
"888" 0.048 0.004 0.341 0.607
"889" 0.088 0.002 0.137 0.773
"890" 0.051 0 0.152 0.797
"891" 0.007 0 0.701 0.292
"892" 0.104 0.023 0.17 0.703
"893" 0.168 0.017 0.151 0.664
"894" 0.758 0.003 0.193 0.046
"895" 0.659 0.035 0.137 0.169
"896" 0.194 0.002 0.734 0.07
"897" 0.607 0.092 0.148 0.153
"898" 0.711 0.001 0.172 0.116
"899" 0.137 0.007 0.799 0.057
"900" 0.015 0.535 0.061 0.389
"901" 0.168 0 0.777 0.055
"902" 0.078 0.04 0.241 0.641
"903" 0.106 0.022 0.763 0.109
"904" 0.048 0.042 0.28 0.63
"905" 0.136 0.001 0.785 0.078
"906" 0.056 0.017 0.84 0.087
"907" 0.121 0.011 0.755 0.113
"908" 0.13 0.036 0.811 0.023
"909" 0.599 0.033 0.336 0.032
"910" 0.106 0.005 0.777 0.112
"911" 0.07 0.009 0.274 0.647
"912" 0.068 0.004 0.761 0.167
"913" 0.93 0 0.047 0.023
"914" 0.032 0 0.729 0.239
"915" 0.196 0.003 0.722 0.079
"916" 0.662 0.06 0.123 0.155
"917" 0.87 0.009 0.05 0.071
"918" 0.007 0.001 0.154 0.838
"919" 0.006 0.001 0.346 0.647
"920" 0.659 0.014 0.211 0.116
"921" 0.092 0.008 0.75 0.15
"922" 0.027 0.071 0.111 0.791
"923" 0.036 0.005 0.348 0.611
"924" 0.053 0 0.649 0.298
"925" 0.212 0.006 0.466 0.316
"926" 0.144 0.034 0.204 0.618
"927" 0.264 0 0.148 0.588
"928" 0.156 0.011 0.262 0.571
"929" 0.539 0 0.281 0.18
"930" 0.082 0.019 0.84 0.059
"931" 0.097 0.012 0.123 0.768
"932" 0.75 0.002 0.169 0.079
"933" 0.035 0 0.069 0.896
"934" 0.026 0.032 0.284 0.658
"935" 0.228 0.018 0.752 0.002
"936" 0.319 0 0.66 0.021
"937" 0.299 0 0.074 0.627
"938" 0.093 0 0.181 0.726
"939" 0.045 0 0.157 0.798
"940" 0.272 0.014 0.634 0.08
"941" 0.711 0.007 0.235 0.047
"942" 0.126 0.05 0.558 0.266
"943" 0.066 0 0.271 0.663
"944" 0.129 0.009 0.594 0.268
"945" 0.093 0.014 0.74 0.153
"946" 0.763 0 0.115 0.122
"947" 0.732 0.003 0.168 0.097
"948" 0.191 0.001 0.596 0.212
"949" 0.212 0.027 0.102 0.659
"950" 0.163 0.022 0.7 0.115
"951" 0.706 0.007 0.072 0.215
"952" 0.717 0 0.079 0.204
"953" 0.228 0.087 0.671 0.014
"954" 0.125 0.001 0.842 0.032
"955" 0.04 0 0.234 0.726
"956" 0.12 0.019 0.214 0.647
"957" 0.123 0.004 0.179 0.694
"958" 0.755 0.013 0.206 0.026
"959" 0.259 0.009 0.68 0.052
"960" 0.057 0.073 0.813 0.057
"961" 0.129 0.667 0.076 0.128
"962" 0.015 0.701 0.119 0.165
"963" 0.1 0.005 0.24 0.655
"964" 0.307 0.03 0.657 0.006
"965" 0.627 0.018 0.347 0.008
"966" 0.08 0.009 0.154 0.757
"967" 0.08 0.008 0.281 0.631
"968" 0.164 0.043 0.043 0.75
"969" 0.575 0.006 0.391 0.028
"970" 0.575 0.006 0.391 0.028
"971" 0.054 0.147 0.746 0.053
"972" 0.017 0.758 0.136 0.089
"973" 0.061 0.009 0.227 0.703
"974" 0.002 0.384 0.593 0.021
"975" 0.02 0.613 0.058 0.309
"976" 0.004 0.052 0.339 0.605
"977" 0.011 0.059 0.675 0.255
"978" 0.142 0.1 0.077 0.681
"979" 0.059 0.008 0.842 0.091
"980" 0.029 0.025 0.43 0.516
"981" 0.029 0.025 0.43 0.516
"982" 0.668 0.006 0.182 0.144
"983" 0.208 0.008 0.676 0.108
"984" 0.05 0.063 0.797 0.09
"985" 0.14 0.069 0.714 0.077
"986" 0.142 0.006 0.717 0.135
"987" 0.136 0.078 0.045 0.741
"988" 0.026 0.013 0.789 0.172
"989" 0.086 0.074 0.786 0.054
"990" 0.761 0.069 0.157 0.013
"991" 0.607 0.01 0.374 0.009
"992" 0.235 0.012 0.73 0.023
"993" 0.059 0.009 0.579 0.353
"994" 0.082 0.008 0.311 0.599
"995" 0.192 0.66 0.061 0.087
"996" 0.121 0.219 0.605 0.055
"997" 0.637 0.037 0.226 0.1
"998" 0.164 0.111 0.017 0.708
"999" 0.063 0.124 0.079 0.734
"1000" 0.176 0.035 0.103 0.686
"1001" 0.112 0.003 0.212 0.673
"1002" 0.06 0.002 0.633 0.305
"1003" 0.034 0.003 0.335 0.628
"1004" 0.726 0.016 0.221 0.037
"1005" 0.817 0.015 0.121 0.047
"1006" 0.754 0 0.19 0.056
"1007" 0.235 0 0.637 0.128
"1008" 0.022 0.004 0.686 0.288
"1009" 0.115 0.087 0.074 0.724
"1010" 0.898 0.009 0.068 0.025
"1011" 0.793 0.002 0.124 0.081
"1012" 0.108 0.044 0.109 0.739
"1013" 0.254 0.607 0.104 0.035
"1014" 0.147 0.005 0.804 0.044
"1015" 0.063 0.828 0.039 0.07
"1016" 0.109 0.763 0.028 0.1
"1017" 0.83 0.042 0.104 0.024
"1018" 0.904 0 0.009 0.087
"1019" 0.904 0 0.009 0.087
"1020" 0.772 0.054 0.03 0.144
"1021" 0.153 0.005 0.829 0.013
"1022" 0.17 0 0.824 0.006
"1023" 0.136 0.02 0.205 0.639
"1024" 0.779 0.001 0.089 0.131
"1025" 0.304 0.004 0.661 0.031
"1026" 0.719 0.062 0.108 0.111
"1027" 0.205 0.006 0.776 0.013
"1028" 0.313 0.006 0.664 0.017
"1029" 0.378 0.003 0.61 0.009
"1030" 0.664 0.002 0.262 0.072
"1031" 0.9 0.001 0.085 0.014
"1032" 0.895 0.007 0.072 0.026
"1033" 0.106 0.019 0.562 0.313
"1034" 0.106 0.026 0.248 0.62
"1035" 0.776 0.005 0.157 0.062
"1036" 0.812 0.078 0.015 0.095
"1037" 0.831 0 0.16 0.009
"1038" 0.818 0.04 0.089 0.053
"1039" 0.825 0.002 0.139 0.034
"1040" 0.047 0.06 0.864 0.029
"1041" 0.132 0.003 0.818 0.047
"1042" 0.108 0.01 0.85 0.032
"1043" 0.158 0.006 0.238 0.598
"1044" 0.03 0.64 0.29 0.04
"1045" 0.574 0 0.339 0.087
"1046" 0.574 0 0.339 0.087
"1047" 0.668 0.002 0.312 0.018
"1048" 0.22 0 0.121 0.659
"1049" 0.721 0 0.095 0.184
"1050" 0.787 0 0.2 0.013
"1051" 0.156 0 0.7 0.144
"1052" 0.737 0 0.194 0.069
"1053" 0.043 0.029 0.191 0.737
"1054" 0.084 0 0.344 0.572
"1055" 0.084 0 0.344 0.572
"1056" 0.134 0.002 0.78 0.084
"1057" 0.104 0.005 0.766 0.125
"1058" 0.345 0.004 0.028 0.623
"1059" 0.827 0.049 0.028 0.096
"1060" 0.167 0 0.661 0.172
"1061" 0.196 0.003 0.616 0.185
"1062" 0.606 0 0.154 0.24
"1063" 0.28 0.019 0.582 0.119
"1064" 0.655 0.017 0.267 0.061
"1065" 0.569 0 0.376 0.055
"1066" 0.825 0.002 0.156 0.017
"1067" 0.234 0.019 0.724 0.023
"1068" 0.21 0.007 0.149 0.634
"1069" 0.111 0.087 0.237 0.565
"1070" 0.154 0 0.736 0.11
"1071" 0.032 0.002 0.402 0.564
"1072" 0.34 0 0.656 0.004
"1073" 0.14 0.026 0.766 0.068
"1074" 0.301 0 0.682 0.017
"1075" 0.224 0.09 0.653 0.033
"1076" 0.613 0.005 0.213 0.169
"1077" 0.884 0.031 0.072 0.013
"1078" 0.884 0.031 0.072 0.013
"1079" 0.702 0.068 0.149 0.081
"1080" 0.076 0.068 0.748 0.108
"1081" 0.045 0 0.81 0.145
"1082" 0.079 0.505 0.203 0.213
"1083" 0.821 0 0.109 0.07
"1084" 0.812 0.002 0.095 0.091
"1085" 0.032 0.03 0.91 0.028
"1086" 0.032 0.03 0.91 0.028
"1087" 0.103 0.594 0.104 0.199
"1088" 0.079 0.002 0.87 0.049
"1089" 0.148 0.028 0.688 0.136
"1090" 0.082 0.081 0.219 0.618
"1091" 0.569 0 0.376 0.055
"1092" 0.236 0.073 0.617 0.074
"1093" 0.099 0.657 0.128 0.116
"1094" 0.209 0 0.72 0.071
"1095" 0.025 0.012 0.036 0.927
"1096" 0.056 0.009 0.063 0.872
"1097" 0.045 0.025 0.782 0.148
"1098" 0.191 0.004 0.79 0.015
"1099" 0.65 0.003 0.338 0.009
"1100" 0.573 0.127 0.272 0.028
"1101" 0.149 0 0.79 0.061
"1102" 0.05 0.062 0.522 0.366
"1103" 0.045 0.043 0.061 0.851
"1104" 0.036 0.002 0.03 0.932
"1105" 0.661 0.224 0.051 0.064
"1106" 0.368 0.522 0.028 0.082
"1107" 0.192 0.009 0.184 0.615
"1108" 0.161 0.152 0.582 0.105
"1109" 0.124 0.001 0.847 0.028
"1110" 0.082 0.002 0.886 0.03
"1111" 0.072 0.642 0.212 0.074
"1112" 0.367 0.027 0.586 0.02
"1113" 0.134 0.181 0.052 0.633
"1114" 0.103 0.052 0.201 0.644
"1115" 0.14 0.032 0.625 0.203
"1116" 0.208 0.025 0.707 0.06
"1117" 0.722 0.112 0.066 0.1
"1118" 0.579 0.173 0.082 0.166
"1119" 0.161 0.02 0.149 0.67
"1120" 0.138 0.05 0.137 0.675
"1121" 0.8 0.022 0.099 0.079
"1122" 0.123 0.026 0.828 0.023
"1123" 0.124 0.65 0.086 0.14
"1124" 0.246 0.001 0.709 0.044
"1125" 0.109 0.091 0.764 0.036
"1126" 0.039 0.099 0.784 0.078
"1127" 0.072 0.043 0.562 0.323
"1128" 0.086 0.053 0.25 0.611
"1129" 0.044 0.029 0.874 0.053
"1130" 0.045 0.006 0.853 0.096
"1131" 0.711 0.016 0.239 0.034
"1132" 0.37 0.01 0.074 0.546
"1133" 0.166 0.013 0.714 0.107
"1134" 0.091 0.024 0.868 0.017
"1135" 0.091 0.024 0.868 0.017
"1136" 0.141 0.183 0.609 0.067
"1137" 0.654 0.012 0.183 0.151
"1138" 0.076 0.041 0.71 0.173
"1139" 0.871 0 0.101 0.028
"1140" 0.015 0.012 0.899 0.074
"1141" 0.043 0.262 0.037 0.658
"1142" 0.317 0.052 0.038 0.593
"1143" 0.214 0.021 0.11 0.655
"1144" 0.08 0.004 0.778 0.138
"1145" 0.624 0.057 0.171 0.148
"1146" 0.138 0.024 0.746 0.092
"1147" 0.124 0.009 0.797 0.07
"1148" 0.119 0.003 0.853 0.025
"1149" 0.603 0.004 0.321 0.072
"1150" 0.294 0.581 0.032 0.093
"1151" 0.679 0.167 0.056 0.098
"1152" 0.673 0.054 0.079 0.194
"1153" 0.007 0.001 0.869 0.123
"1154" 0.174 0.024 0.097 0.705
"1155" 0.223 0.029 0.074 0.674
"1156" 0.122 0.001 0.663 0.214
"1157" 0.72 0.161 0.065 0.054
"1158" 0.738 0.015 0.115 0.132
"1159" 0.066 0.198 0.662 0.074
"1160" 0.066 0.04 0.148 0.746
"1161" 0.671 0.004 0.158 0.167
"1162" 0.708 0.037 0.014 0.241
"1163" 0.555 0.008 0.202 0.235
"1164" 0.004 0.001 0.919 0.076
"1165" 0.082 0.159 0.719 0.04
"1166" 0.065 0.492 0.412 0.031
"1167" 0.065 0.492 0.412 0.031
"1168" 0.038 0.003 0.67 0.289
"1169" 0.164 0.015 0.059 0.762
"1170" 0.117 0.029 0.113 0.741
"1171" 0.338 0.539 0.074 0.049
"1172" 0.112 0.685 0.086 0.117
"1173" 0.113 0.005 0.156 0.726
"1174" 0.134 0.029 0.703 0.134
"1175" 0.763 0.014 0.088 0.135
"1176" 0.758 0.03 0.147 0.065
"1177" 0.733 0 0.236 0.031
"1178" 0.012 0.037 0.192 0.759
"1179" 0.332 0 0.648 0.02
"1180" 0.789 0 0.174 0.037
"1181" 0.154 0.005 0.593 0.248
"1182" 0.107 0.012 0.303 0.578
"1183" 0.814 0.011 0.138 0.037
"1184" 0.842 0.021 0.09 0.047
"1185" 0.798 0.004 0.143 0.055
"1186" 0.157 0 0.791 0.052
"1187" 0.051 0 0.317 0.632
"1188" 0.012 0.02 0.599 0.369
"1189" 0.708 0 0.228 0.064
"1190" 0.863 0.001 0.06 0.076
"1191" 0.801 0.003 0.122 0.074
"1192" 0.343 0.028 0.59 0.039
"1193" 0.69 0.003 0.258 0.049
"1194" 0.211 0 0.663 0.126
"1195" 0.815 0.001 0.075 0.109
"1196" 0.245 0.002 0.128 0.625
"1197" 0.879 0.016 0.079 0.026
"1198" 0.854 0.003 0.08 0.063
"1199" 0.892 0.012 0.015 0.081
"1200" 0.894 0.004 0.018 0.084
"1201" 0.894 0 0.06 0.046
"1202" 0.141 0 0.744 0.115
"1203" 0.078 0.001 0.344 0.577
"1204" 0.078 0.001 0.344 0.577
"1205" 0.812 0 0.163 0.025
"1206" 0.76 0 0.137 0.103
"1207" 0.091 0.001 0.07 0.838
"1208" 0.053 0.001 0.061 0.885
"1209" 0.137 0 0.626 0.237
"1210" 0.862 0.002 0.115 0.021
"1211" 0.14 0.072 0.162 0.626
"1212" 0.617 0.039 0.246 0.098
"1213" 0.707 0.033 0.064 0.196
"1214" 0.136 0.034 0.757 0.073
"1215" 0.167 0 0.165 0.668
"1216" 0.071 0 0.39 0.539
"1217" 0.071 0 0.39 0.539
"1218" 0.92 0.001 0.044 0.035
"1219" 0.93 0.001 0.015 0.054
"1220" 0.878 0.022 0.07 0.03
"1221" 0.878 0.022 0.07 0.03
"1222" 0.837 0.003 0.114 0.046
"1223" 0.702 0 0.228 0.07
"1224" 0.37 0 0.609 0.021
"1225" 0.19 0.017 0.73 0.063
"1226" 0.531 0.002 0.02 0.447
"1227" 0.531 0.002 0.02 0.447
"1228" 0.77 0 0.094 0.136
"1229" 0.72 0 0.093 0.187
"1230" 0.693 0 0.23 0.077
"1231" 0.091 0.013 0.732 0.164
"1232" 0.206 0.002 0.752 0.04
"1233" 0.239 0.001 0.023 0.737
"1234" 0.913 0.055 0.024 0.008
"1235" 0.258 0.012 0.657 0.073
"1236" 0.175 0.023 0.696 0.106
"1237" 0.678 0.037 0.131 0.154
"1238" 0.316 0.03 0.59 0.064
"1239" 0.669 0.038 0.235 0.058
"1240" 0.155 0.052 0.056 0.737
"1241" 0.722 0.013 0.085 0.18
"1242" 0.04 0.029 0.156 0.775
"1243" 0.832 0.008 0.138 0.022
"1244" 0.168 0.003 0.757 0.072
"1245" 0.023 0.075 0.241 0.661
"1246" 0.746 0.007 0.145 0.102
"1247" 0.833 0.034 0.046 0.087
"1248" 0.768 0.073 0.077 0.082
"1249" 0.639 0.003 0.103 0.255
"1250" 0.732 0.074 0.089 0.105
"1251" 0.178 0.008 0.144 0.67
"1252" 0.549 0.001 0.325 0.125
"1253" 0.468 0.06 0.426 0.046
"1254" 0.468 0.06 0.426 0.046
"1255" 0.735 0.016 0.206 0.043
"1256" 0.354 0.594 0.033 0.019
"1257" 0.321 0.017 0.63 0.032
"1258" 0.535 0.001 0.45 0.014
"1259" 0.89 0.001 0.009 0.1
"1260" 0.899 0.002 0.079 0.02
"1261" 0.871 0.002 0.11 0.017
"1262" 0.213 0 0.671 0.116
"1263" 0.181 0.004 0.112 0.703
"1264" 0.939 0 0.04 0.021
"1265" 0.816 0.004 0.117 0.063
"1266" 0.66 0.083 0.152 0.105
"1267" 0.76 0 0.188 0.052
"1268" 0.793 0.003 0.07 0.134
"1269" 0.416 0.001 0.583 0
"1270" 0.963 0 0.032 0.005
"1271" 0.907 0.007 0.083 0.003
"1272" 0.055 0 0.766 0.179
"1273" 0.074 0 0.219 0.707
"1274" 0.835 0 0.105 0.06
"1275" 0.643 0 0.056 0.301
"1276" 0.734 0.019 0.046 0.201
"1277" 0.897 0.001 0.066 0.036
"1278" 0.897 0.001 0.066 0.036
"1279" 0.176 0 0.051 0.773
"1280" 0.019 0.001 0.782 0.198
"1281" 0.68 0.006 0.267 0.047
"1282" 0.055 0.002 0.239 0.704
"1283" 0.022 0.24 0.624 0.114
"1284" 0.041 0.1 0.272 0.587
"1285" 0.799 0.056 0.097 0.048
"1286" 0.028 0.093 0.228 0.651
"1287" 0.68 0.05 0.085 0.185
"1288" 0.08 0.072 0.822 0.026
"1289" 0.889 0.006 0.091 0.014
"1290" 0.852 0.015 0.108 0.025
"1291" 0.694 0.016 0.062 0.228
"1292" 0.668 0.048 0.067 0.217
"1293" 0.613 0.004 0.195 0.188
"1294" 0.121 0.009 0.164 0.706
"1295" 0.306 0.015 0.065 0.614
"1296" 0.373 0.004 0.527 0.096
"1297" 0.618 0.006 0.176 0.2
"1298" 0.243 0.032 0.662 0.063
"1299" 0.866 0.009 0.054 0.071
"1300" 0.186 0.008 0.204 0.602
"1301" 0.117 0.003 0.233 0.647
"1302" 0.325 0.041 0.612 0.022
"1303" 0.149 0.015 0.659 0.177
"1304" 0.023 0.001 0.206 0.77
"1305" 0.713 0.076 0.178 0.033
"1306" 0.113 0.044 0.825 0.018
"1307" 0.651 0.231 0.046 0.072
"1308" 0.1 0.019 0.208 0.673
"1309" 0.154 0.04 0.731 0.075
"1310" 0.895 0.029 0.06 0.016
"1311" 0.902 0.029 0.053 0.016
"1312" 0.007 0 0.989 0.004
"1313" 0.052 0.02 0.901 0.027
"1314" 0.126 0.046 0.608 0.22
"1315" 0.237 0.004 0.736 0.023
"1316" 0.165 0.012 0.699 0.124
"1317" 0.058 0.005 0.258 0.679
"1318" 0.714 0.006 0.213 0.067
"1319" 0.871 0.002 0.071 0.056
"1320" 0.094 0.01 0.123 0.773
"1321" 0.031 0 0.232 0.737
"1322" 0.101 0 0.033 0.866
"1323" 0.836 0 0.104 0.06
"1324" 0.777 0 0.193 0.03
"1325" 0.123 0.002 0.785 0.09
"1326" 0.073 0.002 0.842 0.083
"1327" 0.23 0.002 0.715 0.053
"1328" 0.83 0.001 0.086 0.083
"1329" 0.887 0 0 0.113
"1330" 0.221 0.003 0.734 0.042
"1331" 0.827 0 0.12 0.053
"1332" 0.959 0 0.026 0.015
"1333" 0.634 0.009 0.35 0.007
"1334" 0.035 0.001 0.91 0.054
"1335" 0.035 0.001 0.91 0.054
"1336" 0.191 0.018 0.099 0.692
"1337" 0.711 0.006 0.125 0.158
"1338" 0.839 0.058 0.04 0.063
"1339" 0.831 0.016 0.071 0.082
"1340" 0.654 0 0.075 0.271
"1341" 0.589 0 0.282 0.129
"1342" 0.761 0.02 0.096 0.123
"1343" 0.806 0.073 0.032 0.089
"1344" 0.357 0.019 0.038 0.586
"1345" 0.211 0.007 0.724 0.058
"1346" 0.847 0 0.09 0.063
"1347" 0.826 0 0.089 0.085
"1348" 0.085 0.002 0.728 0.185
"1349" 0.716 0.002 0.088 0.194
"1350" 0.666 0.003 0.205 0.126
"1351" 0.711 0.008 0.145 0.136
"1352" 0.79 0 0.124 0.086
"1353" 0.939 0 0.019 0.042
"1354" 0.939 0 0.019 0.042
"1355" 0.934 0 0.057 0.009
"1356" 0.934 0 0.057 0.009
"1357" 0.7 0.001 0.091 0.208
"1358" 0.706 0 0.235 0.059
"1359" 0.372 0 0.576 0.052
"1360" 0.719 0 0.126 0.155
"1361" 0.662 0 0.097 0.241
"1362" 0.137 0 0.709 0.154
"1363" 0.028 0.007 0.321 0.644
"1364" 0.028 0.007 0.321 0.644
"1365" 0.777 0 0.108 0.115
"1366" 0.954 0 0.009 0.037
"1367" 0.926 0 0.056 0.018
"1368" 0.926 0 0.056 0.018
"1369" 0.727 0 0.097 0.176
"1370" 0.753 0.002 0.058 0.187
"1371" 0.49 0 0.131 0.379
"1372" 0.49 0 0.131 0.379
"1373" 0.76 0 0.008 0.232
"1374" 0.987 0 0.013 0
"1375" 0.435 0 0.563 0.002
"1376" 0.799 0.001 0.105 0.095
"1377" 0.874 0.002 0.045 0.079
"1378" 0.996 0 0.002 0.002
"1379" 0.995 0 0.001 0.004
"1380" 0.806 0 0.001 0.193
"1381" 0.896 0 0.104 0
"1382" 0.916 0 0.084 0
"1383" 0.861 0 0.038 0.101
"1384" 0.823 0 0.117 0.06
"1385" 0.15 0 0.248 0.602
"1386" 0.107 0.001 0.564 0.328
"1387" 0.797 0.008 0.103 0.092
"1388" 0.022 0.061 0.815 0.102
"1389" 0.874 0 0.067 0.059
"1390" 0.034 0.002 0.934 0.03
